BeginView
center =  1.0 0.0 0.0 11.75337 0.0 1.0 0.0 9.776295 0.0 0.0 1.0 4.2660003 0.0 0.0 0.0 1.0
translate =  1.0 0.0 0.0 0.0 0.0 1.0 0.0 0.0 0.0 0.0 1.0 0.0 0.0 0.0 0.0 1.0
rotate =  1.0 0.0 0.0 0.0 0.0 -1.0 -1.2246469E-16 0.0 0.0 1.2246469E-16 -1.0 0.0 0.0 0.0 0.0 1.0
zoom =  1.0 0.0 0.0 0.0 0.0 1.0 0.0 0.0 0.0 0.0 1.0 56.750294 0.0 0.0 0.0 1.0
animate =  1.0 0.0 0.0 0.0 0.0 1.0 0.0 0.0 0.0 0.0 1.0 0.0 0.0 0.0 0.0 1.0
EndView
